[Molden Format]
[N_Atoms]
                    2
[Atoms] (AU)
O1          1      8           0.00000000      0.00000000     -1.14094105
O2          2      8           0.00000000      0.00000000      1.14094105
[5D]
[GTO] (AU)
   1
   s   5
  2.266176779E+03 -5.389350392E-03
  3.408701019E+02 -4.023472139E-02
  7.736313517E+01 -1.800818421E-01
  2.147964494E+01 -4.682885766E-01
  6.658943312E+00 -4.469261716E-01
   s   1
  8.097597567E-01  1.000000000E+00
   s   1
  2.553077223E-01  1.000000000E+00
   p   3
  1.772150432E+01  6.263024876E-02
  3.863550544E+00  3.333113848E-01
  1.048092088E+00  7.414863831E-01
   p   1
  2.764154441E-01  1.000000000E+00
   d   1
  1.200000000E+00  1.000000000E+00
 
   2
   s   5
  2.266176779E+03 -5.389350392E-03
  3.408701019E+02 -4.023472139E-02
  7.736313517E+01 -1.800818421E-01
  2.147964494E+01 -4.682885766E-01
  6.658943312E+00 -4.469261716E-01
   s   1
  8.097597567E-01  1.000000000E+00
   s   1
  2.553077223E-01  1.000000000E+00
   p   3
  1.772150432E+01  6.263024876E-02
  3.863550544E+00  3.333113848E-01
  1.048092088E+00  7.414863831E-01
   p   1
  2.764154441E-01  1.000000000E+00
   d   1
  1.200000000E+00  1.000000000E+00
 
[MO]
Sym= 1a       
Ene=     0.3984
Spin= Alpha
Occup=    0.89659
   1         0.00000000
   2         0.00000000
   3         0.00000000
   4        -0.45399794
   5        -0.23167140
   6        -0.00000000
   7        -0.32690865
   8        -0.16681879
   9        -0.00000000
  10        -0.00000000
  11         0.00302102
  12         0.00154160
  13         0.00000000
  14         0.00000000
  15         0.00000000
  16         0.00000000
  17         0.00000000
  18         0.45399794
  19         0.23167140
  20         0.00000000
  21         0.32690865
  22         0.16681879
  23         0.00000000
  24        -0.00000000
  25         0.00302102
  26         0.00154160
  27         0.00000000
  28         0.00000000
Sym= 2a       
Ene=     0.3984
Spin= Alpha
Occup=    0.89659
   1         0.00000000
   2         0.00000000
   3         0.00000000
   4        -0.23167137
   5         0.45399786
   6        -0.00000000
   7        -0.16681876
   8         0.32690859
   9        -0.00000000
  10        -0.00000000
  11         0.00154160
  12        -0.00302101
  13         0.00000000
  14        -0.00000000
  15         0.00000000
  16         0.00000000
  17         0.00000000
  18         0.23167137
  19        -0.45399786
  20         0.00000000
  21         0.16681876
  22        -0.32690859
  23         0.00000000
  24        -0.00000000
  25         0.00154160
  26        -0.00302101
  27         0.00000000
  28        -0.00000000
Sym= 3a       
Ene=     0.6100
Spin= Alpha
Occup=    0.21718
   1         0.00000000
   2         0.00000000
   3         0.00000000
   4         0.18665394
   5         0.09630701
   6        -0.00000000
   7         0.11565746
   8         0.05967527
   9        -0.00000000
  10        -0.00000000
  11         0.01299833
  12         0.00670669
  13        -0.00000000
  14        -0.00000000
  15         0.00000000
  16         0.00000000
  17         0.00000000
  18         0.18665394
  19         0.09630701
  20         0.00000000
  21         0.11565746
  22         0.05967527
  23         0.00000000
  24        -0.00000000
  25        -0.01299833
  26        -0.00670669
  27         0.00000000
  28         0.00000000
Sym= 4a       
Ene=     0.6100
Spin= Alpha
Occup=    0.21718
   1        -0.00000000
   2        -0.00000000
   3        -0.00000000
   4        -0.09630723
   5         0.18665401
   6         0.00000000
   7        -0.05967541
   8         0.11565751
   9         0.00000000
  10         0.00000000
  11        -0.00670671
  12         0.01299834
  13         0.00000000
  14        -0.00000000
  15        -0.00000000
  16        -0.00000000
  17        -0.00000000
  18        -0.09630723
  19         0.18665401
  20        -0.00000000
  21        -0.05967541
  22         0.11565751
  23        -0.00000000
  24         0.00000000
  25         0.00670671
  26        -0.01299834
  27        -0.00000000
  28         0.00000000
Sym= 5a       
Ene=     0.5686
Spin= Alpha
Occup=    0.93455
   1        -0.00000000
   2        -0.00000000
   3        -0.00000000
   4        -0.38449533
   5        -0.20493087
   6         0.00000000
   7        -0.23824707
   8        -0.12698250
   9         0.00000000
  10         0.00000000
  11        -0.02677574
  12        -0.01427111
  13         0.00000000
  14         0.00000000
  15        -0.00000000
  16        -0.00000000
  17        -0.00000000
  18        -0.38449533
  19        -0.20493087
  20        -0.00000000
  21        -0.23824707
  22        -0.12698250
  23        -0.00000000
  24         0.00000000
  25         0.02677574
  26         0.01427111
  27        -0.00000000
  28        -0.00000000
Sym= 6a       
Ene=     0.5686
Spin= Alpha
Occup=    0.93455
   1         0.00000000
   2         0.00000000
   3         0.00000000
   4         0.20493087
   5        -0.38449533
   6        -0.00000000
   7         0.12698250
   8        -0.23824707
   9        -0.00000000
  10        -0.00000000
  11         0.01427111
  12        -0.02677574
  13        -0.00000000
  14         0.00000000
  15         0.00000000
  16         0.00000000
  17         0.00000000
  18         0.20493087
  19        -0.38449533
  20         0.00000000
  21         0.12698250
  22        -0.23824707
  23         0.00000000
  24        -0.00000000
  25        -0.01427111
  26         0.02677574
  27         0.00000000
  28        -0.00000000
Sym= 7a       
Ene=     0.6292
Spin= Alpha
Occup=    0.92935
   1        -0.07555787
   2        -0.14258109
   3        -0.23932979
   4         0.00000000
   5         0.00000000
   6         0.44265467
   7         0.00000000
   8         0.00000000
   9         0.22224250
  10         0.02669403
  11         0.00000000
  12         0.00000000
  13         0.00000000
  14        -0.00000000
  15        -0.07555787
  16        -0.14258109
  17        -0.23932979
  18         0.00000000
  19         0.00000000
  20        -0.44265467
  21         0.00000000
  22         0.00000000
  23        -0.22224250
  24         0.02669403
  25        -0.00000000
  26        -0.00000000
  27        -0.00000000
  28        -0.00000000
