[Molden Format]
[N_Atoms]
                    9
[Atoms] (AU)
S1          1     16           0.57474833      3.29542375     -0.27104877
C2          2      6           2.49643056      0.63207559     -0.18408179
C3          3      6           1.10287393     -1.53858799      0.05062573
C4          4      6          -1.55702769     -1.06538917      0.16357439
C5          5      6          -2.13233686      1.45552721      0.01235405
H6          6      1           4.53871208      0.83286608     -0.31171255
H7          7      1           1.94216763     -3.41844721      0.14063984
H8          8      1          -2.98179884     -2.54247309      0.34968101
H9          9      1          -3.98376918      2.34900480      0.04996810
[5D]
[GTO] (AU)
   1
   s  12
  1.108000000E+05  2.476349789E-04
  1.661000000E+04  1.920259836E-03
  3.781000000E+03  9.961919151E-03
  1.071000000E+03  4.029749656E-02
  3.498000000E+02  1.286039890E-01
  1.263000000E+02  3.034799741E-01
  4.926000000E+01  4.214319641E-01
  2.016000000E+01  2.307809803E-01
  5.720000000E+00  1.789709847E-02
  2.182000000E+00 -2.975159746E-03
  4.327000000E-01  8.495219276E-04
  1.570000000E-01 -3.679359686E-04
   s  12
  1.108000000E+05 -6.870389403E-05
  1.661000000E+04 -5.276809541E-04
  3.781000000E+03 -2.796709757E-03
  1.071000000E+03 -1.126509902E-02
  3.498000000E+02 -3.888339662E-02
  1.263000000E+02 -9.950249135E-02
  4.926000000E+01 -1.997399826E-01
  2.016000000E+01 -1.233599893E-01
  5.720000000E+00  5.131939554E-01
  2.182000000E+00  6.071199472E-01
  4.327000000E-01  3.967529655E-02
  1.570000000E-01 -9.468639177E-03
   s  12
  1.108000000E+05  1.990770288E-05
  1.661000000E+04  1.534830222E-04
  3.781000000E+03  8.095031173E-04
  1.071000000E+03  3.289740477E-03
  3.498000000E+02  1.129670164E-02
  1.263000000E+02  2.963850429E-02
  4.926000000E+01  5.998510869E-02
  2.016000000E+01  4.132480599E-02
  5.720000000E+00 -2.074740301E-01
  2.182000000E+00 -3.928890569E-01
  4.327000000E-01  6.328400917E-01
  1.570000000E-01  5.569240807E-01
   s   1
  1.570000000E-01  1.000000000E+00
   p   8
  3.997000000E+02  4.475409178E-03
  9.419000000E+01  3.417079372E-02
  2.975000000E+01  1.442499735E-01
  1.077000000E+01  3.539279350E-01
  4.119000000E+00  4.590849156E-01
  1.625000000E+00  2.063829621E-01
  4.726000000E-01  1.021409812E-02
  1.407000000E-01 -6.031218892E-05
   p   8
  3.997000000E+02 -1.162510528E-03
  9.419000000E+01 -8.656643933E-03
  2.975000000E+01 -3.908861776E-02
  1.077000000E+01 -9.346254246E-02
  4.119000000E+00 -1.479940672E-01
  1.625000000E+00  3.019041372E-02
  4.726000000E-01  5.615732551E-01
  1.407000000E-01  5.347762430E-01
   p   1
  1.407000000E-01  1.000000000E+00
   d   1
  4.790000000E-01  1.000000000E+00
 
   2
   s   9
  6.665000000E+03  6.920001793E-04
  1.000000000E+03  5.329001381E-03
  2.280000000E+02  2.707700701E-02
  6.471000000E+01  1.017180264E-01
  2.106000000E+01  2.747400712E-01
  7.495000000E+00  4.485641162E-01
  2.797000000E+00  2.850740738E-01
  5.215000000E-01  1.520400394E-02
  1.596000000E-01 -3.191000827E-03
   s   9
  6.665000000E+03 -1.460000642E-04
  1.000000000E+03 -1.154000508E-03
  2.280000000E+02 -5.725002519E-03
  6.471000000E+01 -2.331201026E-02
  2.106000000E+01 -6.395502813E-02
  7.495000000E+00 -1.499810660E-01
  2.797000000E+00 -1.272620560E-01
  5.215000000E-01  5.445292395E-01
  1.596000000E-01  5.804962554E-01
   s   1
  1.596000000E-01  1.000000000E+00
   p   4
  9.439000000E+00  3.810902127E-02
  2.002000000E+00  2.094801169E-01
  5.456000000E-01  5.085572839E-01
  1.517000000E-01  4.688422617E-01
   p   1
  1.517000000E-01  1.000000000E+00
   d   1
  5.500000000E-01  1.000000000E+00
 
   3
   s   9
  6.665000000E+03  6.920001793E-04
  1.000000000E+03  5.329001381E-03
  2.280000000E+02  2.707700701E-02
  6.471000000E+01  1.017180264E-01
  2.106000000E+01  2.747400712E-01
  7.495000000E+00  4.485641162E-01
  2.797000000E+00  2.850740738E-01
  5.215000000E-01  1.520400394E-02
  1.596000000E-01 -3.191000827E-03
   s   9
  6.665000000E+03 -1.460000642E-04
  1.000000000E+03 -1.154000508E-03
  2.280000000E+02 -5.725002519E-03
  6.471000000E+01 -2.331201026E-02
  2.106000000E+01 -6.395502813E-02
  7.495000000E+00 -1.499810660E-01
  2.797000000E+00 -1.272620560E-01
  5.215000000E-01  5.445292395E-01
  1.596000000E-01  5.804962554E-01
   s   1
  1.596000000E-01  1.000000000E+00
   p   4
  9.439000000E+00  3.810902127E-02
  2.002000000E+00  2.094801169E-01
  5.456000000E-01  5.085572839E-01
  1.517000000E-01  4.688422617E-01
   p   1
  1.517000000E-01  1.000000000E+00
   d   1
  5.500000000E-01  1.000000000E+00
 
   4
   s   9
  6.665000000E+03  6.920001793E-04
  1.000000000E+03  5.329001381E-03
  2.280000000E+02  2.707700701E-02
  6.471000000E+01  1.017180264E-01
  2.106000000E+01  2.747400712E-01
  7.495000000E+00  4.485641162E-01
  2.797000000E+00  2.850740738E-01
  5.215000000E-01  1.520400394E-02
  1.596000000E-01 -3.191000827E-03
   s   9
  6.665000000E+03 -1.460000642E-04
  1.000000000E+03 -1.154000508E-03
  2.280000000E+02 -5.725002519E-03
  6.471000000E+01 -2.331201026E-02
  2.106000000E+01 -6.395502813E-02
  7.495000000E+00 -1.499810660E-01
  2.797000000E+00 -1.272620560E-01
  5.215000000E-01  5.445292395E-01
  1.596000000E-01  5.804962554E-01
   s   1
  1.596000000E-01  1.000000000E+00
   p   4
  9.439000000E+00  3.810902127E-02
  2.002000000E+00  2.094801169E-01
  5.456000000E-01  5.085572839E-01
  1.517000000E-01  4.688422617E-01
   p   1
  1.517000000E-01  1.000000000E+00
   d   1
  5.500000000E-01  1.000000000E+00
 
   5
   s   9
  6.665000000E+03  6.920001793E-04
  1.000000000E+03  5.329001381E-03
  2.280000000E+02  2.707700701E-02
  6.471000000E+01  1.017180264E-01
  2.106000000E+01  2.747400712E-01
  7.495000000E+00  4.485641162E-01
  2.797000000E+00  2.850740738E-01
  5.215000000E-01  1.520400394E-02
  1.596000000E-01 -3.191000827E-03
   s   9
  6.665000000E+03 -1.460000642E-04
  1.000000000E+03 -1.154000508E-03
  2.280000000E+02 -5.725002519E-03
  6.471000000E+01 -2.331201026E-02
  2.106000000E+01 -6.395502813E-02
  7.495000000E+00 -1.499810660E-01
  2.797000000E+00 -1.272620560E-01
  5.215000000E-01  5.445292395E-01
  1.596000000E-01  5.804962554E-01
   s   1
  1.596000000E-01  1.000000000E+00
   p   4
  9.439000000E+00  3.810902127E-02
  2.002000000E+00  2.094801169E-01
  5.456000000E-01  5.085572839E-01
  1.517000000E-01  4.688422617E-01
   p   1
  1.517000000E-01  1.000000000E+00
   d   1
  5.500000000E-01  1.000000000E+00
 
   6
   s   4
  1.301000000E+01  1.968498999E-02
  1.962000000E+00  1.379769298E-01
  4.446000000E-01  4.781477569E-01
  1.220000000E-01  5.012397451E-01
   s   1
  1.220000000E-01  1.000000000E+00
   p   1
  7.270000000E-01  1.000000000E+00
 
   7
   s   4
  1.301000000E+01  1.968498999E-02
  1.962000000E+00  1.379769298E-01
  4.446000000E-01  4.781477569E-01
  1.220000000E-01  5.012397451E-01
   s   1
  1.220000000E-01  1.000000000E+00
   p   1
  7.270000000E-01  1.000000000E+00
 
   8
   s   4
  1.301000000E+01  1.968498999E-02
  1.962000000E+00  1.379769298E-01
  4.446000000E-01  4.781477569E-01
  1.220000000E-01  5.012397451E-01
   s   1
  1.220000000E-01  1.000000000E+00
   p   1
  7.270000000E-01  1.000000000E+00
 
   9
   s   4
  1.301000000E+01  1.968498999E-02
  1.962000000E+00  1.379769298E-01
  4.446000000E-01  4.781477569E-01
  1.220000000E-01  5.012397451E-01
   s   1
  1.220000000E-01  1.000000000E+00
   p   1
  7.270000000E-01  1.000000000E+00
 
[MO]
Sym= 1a       
Ene=     0.3032
Spin= Alpha
Occup=    0.85201
   1        -0.00000004
   2        -0.00000026
   3         0.00000007
   4         0.00000069
   5        -0.00001918
   6        -0.00002538
   7        -0.00034772
   8         0.00255492
   9         0.00334990
  10         0.04615886
  11         0.00027613
  12         0.00036433
  13         0.00499188
  14        -0.00409113
  15         0.06076198
  16        -0.01406768
  17         0.00437919
  18         0.00365137
  19        -0.00000036
  20        -0.00000007
  21         0.00000227
  22         0.02675291
  23         0.03507759
  24         0.48327504
  25         0.00208260
  26         0.00273421
  27         0.03765060
  28         0.00131991
  29        -0.01263628
  30        -0.00077622
  31        -0.00064118
  32        -0.00096620
  33        -0.00000014
  34        -0.00000535
  35        -0.00000182
  36         0.01491131
  37         0.01954723
  38         0.26926261
  39         0.00049403
  40         0.00064700
  41         0.00891547
  42        -0.00388899
  43         0.02133022
  44         0.01440035
  45         0.00013057
  46         0.00236380
  47        -0.00000018
  48        -0.00000714
  49         0.00000251
  50        -0.01781159
  51        -0.02335518
  52        -0.32166023
  53        -0.00062713
  54        -0.00081822
  55        -0.01130914
  56         0.00141287
  57         0.01341861
  58        -0.02137236
  59         0.00229641
  60        -0.00021494
  61         0.00000011
  62         0.00000661
  63        -0.00000249
  64        -0.02719482
  65        -0.03568233
  66        -0.49139451
  67        -0.00198813
  68        -0.00260344
  69        -0.03590670
  70        -0.00014765
  71        -0.01010778
  72         0.00886383
  73        -0.00120351
  74        -0.00024206
  75        -0.00000149
  76         0.00000009
  77         0.00063815
  78         0.00083661
  79         0.01152551
  80         0.00000268
  81         0.00000055
  82         0.00038114
  83         0.00049977
  84         0.00688351
  85         0.00000403
  86         0.00000055
  87        -0.00045427
  88        -0.00059578
  89        -0.00820615
  90        -0.00000394
  91         0.00000070
  92        -0.00064962
  93        -0.00085196
  94        -0.01173367
Sym= 2a       
Ene=     0.3178
Spin= Alpha
Occup=    0.88783
   1         0.00000003
   2         0.00000023
   3         0.00000041
   4        -0.00000141
   5        -0.00006950
   6        -0.00009110
   7        -0.00125492
   8         0.03921759
   9         0.05143700
  10         0.70860067
  11         0.00202389
  12         0.00265524
  13         0.03657293
  14         0.00153638
  15        -0.00553942
  16        -0.00789519
  17         0.00026803
  18        -0.00084627
  19        -0.00000004
  20        -0.00000022
  21        -0.00000076
  22        -0.00494678
  23        -0.00648713
  24        -0.08936164
  25         0.00046091
  26         0.00060615
  27         0.00831506
  28        -0.00371017
  29         0.00055078
  30         0.02884312
  31        -0.00206750
  32         0.00165387
  33         0.00000011
  34         0.00000652
  35         0.00000238
  36        -0.02128049
  37        -0.02789837
  38        -0.38431768
  39        -0.00097191
  40        -0.00127488
  41        -0.01757867
  42        -0.00002749
  43         0.01049352
  44        -0.00778614
  45         0.00114627
  46         0.00033114
  47        -0.00000005
  48        -0.00000871
  49        -0.00000381
  50        -0.01892133
  51        -0.02481456
  52        -0.34172126
  53        -0.00083945
  54        -0.00110496
  55        -0.01519040
  56         0.00146708
  57        -0.01443996
  58        -0.00055389
  59        -0.00075733
  60        -0.00108550
  61        -0.00000015
  62        -0.00000088
  63         0.00000245
  64        -0.00108400
  65        -0.00142090
  66        -0.01958472
  67         0.00049727
  68         0.00064908
  69         0.00897062
  70        -0.00416505
  71         0.00971052
  72         0.02543971
  73        -0.00131478
  74         0.00213251
  75         0.00000221
  76         0.00000018
  77        -0.00011091
  78        -0.00014543
  79        -0.00200349
  80        -0.00000360
  81        -0.00000019
  82        -0.00053059
  83        -0.00069578
  84        -0.00958217
  85         0.00000429
  86        -0.00000010
  87        -0.00047448
  88        -0.00062220
  89        -0.00857173
  90         0.00000053
  91         0.00000040
  92        -0.00001907
  93        -0.00002491
  94        -0.00034440
Sym= 3a       
Ene=     0.4317
Spin= Alpha
Occup=    0.58930
   1         0.00000008
   2         0.00000035
   3        -0.00000815
   4        -0.00000539
   5        -0.00011616
   6        -0.00015223
   7        -0.00209919
   8         0.02341327
   9         0.03068493
  10         0.42303449
  11        -0.00205451
  12        -0.00269249
  13        -0.03712119
  14         0.00383869
  15        -0.00131311
  16        -0.02928464
  17         0.00205812
  18        -0.00173424
  19        -0.00000001
  20         0.00000479
  21         0.00000128
  22         0.01296050
  23         0.01700985
  24         0.23421696
  25        -0.00084775
  26        -0.00111285
  27        -0.01531369
  28         0.00105942
  29        -0.01473610
  30         0.00287885
  31        -0.00102317
  32        -0.00091596
  33         0.00000001
  34        -0.00000751
  35        -0.00000328
  36         0.01391257
  37         0.01823741
  38         0.25128655
  39        -0.00146774
  40        -0.00192741
  41        -0.02653435
  42        -0.00105406
  43        -0.00459089
  44         0.01181389
  45        -0.00111363
  46         0.00032556
  47         0.00000006
  48         0.00000259
  49         0.00000303
  50         0.01406485
  51         0.01844041
  52         0.25403330
  53        -0.00136869
  54        -0.00179499
  55        -0.02473834
  56        -0.00205023
  57         0.00814019
  58         0.00995526
  59        -0.00027481
  60         0.00115171
  61         0.00000021
  62         0.00000123
  63        -0.00000181
  64         0.01331652
  65         0.01747015
  66         0.24048589
  67        -0.00116269
  68        -0.00152344
  69        -0.02096861
  70        -0.00085451
  71         0.01396240
  72        -0.00390325
  73         0.00105589
  74         0.00080187
  75        -0.00000167
  76         0.00000043
  77         0.00032253
  78         0.00042303
  79         0.00582435
  80         0.00000408
  81        -0.00000070
  82         0.00032455
  83         0.00042570
  84         0.00586286
  85         0.00000186
  86        -0.00000002
  87         0.00032100
  88         0.00042094
  89         0.00579885
  90         0.00000050
  91        -0.00000054
  92         0.00033422
  93         0.00043842
  94         0.00603623
Sym= 4a       
Ene=     0.4382
Spin= Alpha
Occup=    0.90120
   1        -0.00280363
   2        -0.01372815
   3         0.24205545
   4         0.17713982
   5        -0.00152572
   6        -0.00634883
   7         0.00054524
   8         0.15122077
   9         0.75520232
  10        -0.06317822
  11        -0.01709029
  12        -0.07257500
  13         0.00621324
  14         0.03595147
  15         0.00364583
  16         0.00472792
  17         0.00035083
  18        -0.00258038
  19        -0.00203834
  20        -0.12248532
  21        -0.00188492
  22         0.11825376
  23        -0.28173919
  24         0.01391081
  25        -0.01648979
  26         0.05739813
  27        -0.00325304
  28         0.00607169
  29        -0.00063050
  30        -0.00087454
  31        -0.00619550
  32         0.02134410
  33        -0.00144508
  34         0.09462871
  35         0.01470575
  36         0.02017383
  37         0.13473258
  38        -0.01088985
  39        -0.00524675
  40        -0.00323429
  41         0.00052435
  42         0.00088169
  43        -0.00068213
  44         0.00067730
  45         0.01001887
  46         0.00292904
  47        -0.00140682
  48         0.09361905
  49         0.01416557
  50         0.02632541
  51         0.13982010
  52        -0.01160414
  53         0.00435842
  54        -0.00560407
  55         0.00016603
  56         0.00073624
  57         0.00047102
  58         0.00108982
  59         0.00600144
  60        -0.01000585
  61        -0.00221555
  62        -0.12397944
  63        -0.00281366
  64        -0.22843151
  65        -0.23494782
  66         0.02970917
  67         0.03807020
  68         0.04984641
  69        -0.00572886
  70         0.00601585
  71         0.00257749
  72         0.00021714
  73        -0.01802111
  74        -0.01369242
  75         0.02740404
  76         0.00072042
  77        -0.00138521
  78        -0.00607119
  79         0.00051754
  80        -0.09109906
  81         0.01263729
  82         0.00052825
  83        -0.00075559
  84         0.00002584
  85        -0.09787077
  86         0.01361326
  87        -0.00084702
  88        -0.00056112
  89         0.00008767
  90         0.04393320
  91        -0.00301356
  92        -0.00037729
  93        -0.00668749
  94         0.00050663
Sym= 5a       
Ene=     0.5097
Spin= Alpha
Occup=    0.03759
   1         0.00000003
   2         0.00000022
   3         0.00000216
   4        -0.00000017
   5        -0.00000734
   6        -0.00001033
   7        -0.00014183
   8         0.00139230
   9         0.00190060
  10         0.02605257
  11        -0.00022478
  12        -0.00031188
  13        -0.00426504
  14         0.00041304
  15        -0.00534887
  16         0.00082141
  17        -0.00035353
  18        -0.00033911
  19         0.00000021
  20        -0.00000671
  21        -0.00000172
  22         0.00516346
  23         0.00672343
  24         0.09297604
  25        -0.00003612
  26        -0.00004215
  27        -0.00063699
  28         0.00084186
  29        -0.00217410
  30        -0.00497932
  31         0.00024337
  32        -0.00043625
  33        -0.00000035
  34        -0.00000265
  35         0.00000056
  36         0.00621959
  37         0.00815594
  38         0.11227317
  39         0.00029638
  40         0.00039125
  41         0.00537271
  42        -0.00104281
  43         0.00510220
  44         0.00432569
  45        -0.00003175
  46         0.00061559
  47        -0.00000016
  48        -0.00000334
  49        -0.00000212
  50        -0.00547197
  51        -0.00718557
  52        -0.09885897
  53        -0.00047245
  54        -0.00061832
  55        -0.00850952
  56         0.00018063
  57         0.00336723
  58        -0.00399384
  59         0.00047637
  60         0.00002423
  61        -0.00000009
  62         0.00000912
  63         0.00000213
  64        -0.00199512
  65        -0.00263276
  66        -0.03648946
  67        -0.00035086
  68        -0.00046267
  69        -0.00630524
  70        -0.00075127
  71         0.00112504
  72         0.00506323
  73        -0.00030665
  74         0.00036728
  75         0.00001259
  76        -0.00000276
  77         0.00015151
  78         0.00019860
  79         0.00274240
  80        -0.00000407
  81         0.00000117
  82         0.00011046
  83         0.00014469
  84         0.00199353
  85         0.00000714
  86        -0.00000086
  87        -0.00008639
  88        -0.00011336
  89        -0.00156116
  90        -0.00001362
  91         0.00000268
  92        -0.00009246
  93        -0.00012064
  94        -0.00166842
Sym= 6a       
Ene=     0.5114
Spin= Alpha
Occup=    0.87492
   1         0.00001703
   2         0.00054817
   3         0.02337498
   4         0.00278455
   5         0.00732421
   6        -0.00102484
   7        -0.00033107
   8        -0.66501427
   9         0.13898231
  10         0.02672170
  11         0.14821091
  12        -0.02862599
  13        -0.00612550
  14         0.00074434
  15        -0.00665565
  16        -0.00196390
  17         0.02689651
  18         0.07177188
  19         0.00137169
  20        -0.11661338
  21        -0.02450641
  22         0.23770504
  23        -0.33918517
  24         0.01146226
  25        -0.00758692
  26         0.06503657
  27        -0.00430250
  28         0.00543623
  29        -0.00168741
  30         0.00117179
  31         0.01892187
  32         0.01598857
  33        -0.00089684
  34         0.01430914
  35         0.03508656
  36         0.05035325
  37         0.08072525
  38        -0.00865520
  39        -0.02392888
  40         0.01930269
  41        -0.00007713
  42        -0.00159800
  43        -0.00198749
  44         0.00020628
  45         0.01575368
  46         0.01317486
  47         0.00081944
  48        -0.01202270
  49        -0.03224862
  50         0.01715885
  51        -0.09539325
  52         0.00598661
  53        -0.02769774
  54        -0.00735875
  55         0.00206780
  56         0.00190846
  57        -0.00108607
  58        -0.00111649
  59        -0.00335816
  60         0.01992707
  61        -0.00117410
  62         0.10592980
  63         0.02343557
  64         0.33046001
  65         0.23189654
  66        -0.03511649
  67        -0.02948009
  68        -0.05750980
  69         0.00580680
  70        -0.00486907
  71        -0.00197417
  72        -0.00234268
  73        -0.00498356
  74         0.02435266
  75         0.17700114
  76        -0.03787300
  77        -0.00375917
  78        -0.00571637
  79         0.00062295
  80        -0.07591755
  81         0.01137815
  82         0.00067105
  83         0.00017706
  84        -0.00005017
  85         0.07915960
  86        -0.01280772
  87         0.00075044
  88        -0.00021915
  89        -0.00002549
  90        -0.17869194
  91         0.03831939
  92        -0.00171898
  93         0.00656585
  94        -0.00038128
Sym= 7a       
Ene=     0.5148
Spin= Alpha
Occup=    0.09447
   1         0.00000002
   2         0.00000015
   3         0.00000102
   4        -0.00000006
   5        -0.00015597
   6        -0.00020440
   7        -0.00281469
   8         0.00666003
   9         0.00870350
  10         0.11992329
  11        -0.00057742
  12        -0.00075027
  13        -0.01034867
  14         0.00222521
  15        -0.00176974
  16        -0.01620135
  17         0.00107994
  18        -0.00103765
  19        -0.00000037
  20         0.00000066
  21         0.00000020
  22         0.00987442
  23         0.01296438
  24         0.17845355
  25        -0.00098021
  26        -0.00128616
  27        -0.01769713
  28         0.00009205
  29        -0.00625546
  30         0.00404157
  31        -0.00063990
  32        -0.00023092
  33         0.00000025
  34         0.00000280
  35         0.00000080
  36         0.00018418
  37         0.00024225
  38         0.00334225
  39        -0.00053253
  40        -0.00069814
  41        -0.00962711
  42        -0.00085010
  43         0.00240494
  44         0.00487860
  45        -0.00022258
  46         0.00044820
  47        -0.00000019
  48        -0.00000040
  49        -0.00000086
  50         0.00146616
  51         0.00192718
  52         0.02650066
  53        -0.00044724
  54        -0.00058855
  55        -0.00809640
  56        -0.00067180
  57        -0.00127298
  58         0.00626444
  59        -0.00052602
  60         0.00025691
  61         0.00000015
  62        -0.00000415
  63         0.00000036
  64         0.01027716
  65         0.01349027
  66         0.18588983
  67        -0.00086837
  68        -0.00114101
  69        -0.01571965
  70        -0.00081979
  71         0.00730648
  72         0.00089846
  73         0.00033847
  74         0.00058317
  75        -0.00000534
  76         0.00000057
  77         0.00017225
  78         0.00022585
  79         0.00310893
  80         0.00000063
  81         0.00000001
  82         0.00003826
  83         0.00005026
  84         0.00069210
  85        -0.00000195
  86         0.00000052
  87         0.00005936
  88         0.00007793
  89         0.00107345
  90         0.00000609
  91        -0.00000154
  92         0.00019283
  93         0.00025260
  94         0.00348212
Sym= 8a       
Ene=     0.5498
Spin= Alpha
Occup=    0.00244
   1         0.00000001
   2         0.00000008
   3         0.00000072
   4         0.00000010
   5         0.00000378
   6         0.00000492
   7         0.00006778
   8         0.00016704
   9         0.00022221
  10         0.00304516
  11        -0.00010820
  12        -0.00014277
  13        -0.00196168
  14        -0.00008081
  15         0.00050772
  16         0.00025117
  17         0.00000967
  18         0.00005154
  19        -0.00000005
  20        -0.00000106
  21        -0.00000050
  22         0.00233415
  23         0.00305806
  24         0.04213705
  25        -0.00018618
  26        -0.00024394
  27        -0.00336172
  28         0.00010148
  29        -0.00073570
  30        -0.00023945
  31        -0.00002325
  32        -0.00006700
  33         0.00000009
  34         0.00000087
  35         0.00000074
  36         0.00003428
  37         0.00004452
  38         0.00060361
  39        -0.00003469
  40        -0.00004469
  41        -0.00062119
  42        -0.00015956
  43         0.00039506
  44         0.00095990
  45        -0.00004797
  46         0.00008259
  47         0.00000008
  48         0.00000045
  49        -0.00000092
  50         0.00092745
  51         0.00121653
  52         0.01675643
  53        -0.00001456
  54        -0.00001911
  55        -0.00025921
  56         0.00001485
  57         0.00057846
  58        -0.00055687
  59         0.00007247
  60         0.00001112
  61        -0.00000003
  62         0.00000015
  63         0.00000041
  64        -0.00168646
  65        -0.00221306
  66        -0.03048588
  67         0.00008216
  68         0.00010726
  69         0.00148365
  70         0.00011551
  71        -0.00060427
  72        -0.00045072
  73        -0.00000058
  74        -0.00006925
  75         0.00000050
  76        -0.00000037
  77         0.00004284
  78         0.00005619
  79         0.00077451
  80        -0.00000058
  81         0.00000009
  82         0.00001415
  83         0.00001856
  84         0.00025536
  85         0.00000013
  86        -0.00000008
  87         0.00000828
  88         0.00001087
  89         0.00014939
  90        -0.00000033
  91         0.00000027
  92        -0.00002781
  93        -0.00003645
  94        -0.00050237
Sym= 9a       
Ene=     0.5788
Spin= Alpha
Occup=    0.13129
   1         0.00000001
   2         0.00000010
   3         0.00000005
   4        -0.00000038
   5        -0.00007041
   6        -0.00009242
   7        -0.00127329
   8         0.00932056
   9         0.01222744
  10         0.16842468
  11        -0.00106729
  12        -0.00140113
  13        -0.01929526
  14         0.00215551
  15        -0.00544322
  16        -0.01285092
  17         0.00063436
  18        -0.00111597
  19        -0.00000002
  20        -0.00000031
  21        -0.00000006
  22         0.00742116
  23         0.00972820
  24         0.13403788
  25        -0.00072340
  26        -0.00094791
  27        -0.01306134
  28         0.00069246
  29        -0.00685645
  30        -0.00023369
  31        -0.00036168
  32        -0.00051375
  33        -0.00000000
  34        -0.00000161
  35        -0.00000073
  36         0.00660530
  37         0.00866041
  38         0.11929002
  39        -0.00060511
  40        -0.00079385
  41        -0.01093457
  42        -0.00063367
  43        -0.00155569
  44         0.00618506
  45        -0.00053594
  46         0.00023245
  47        -0.00000002
  48         0.00000210
  49         0.00000048
  50         0.00634551
  51         0.00832039
  52         0.11460284
  53        -0.00066391
  54        -0.00087122
  55        -0.01199888
  56        -0.00099112
  57         0.00352882
  58         0.00512206
  59        -0.00017776
  60         0.00054440
  61         0.00000013
  62         0.00000007
  63        -0.00000023
  64         0.00757086
  65         0.00993201
  66         0.13675293
  67        -0.00055297
  68        -0.00072585
  69        -0.00998334
  70        -0.00048450
  71         0.00707868
  72        -0.00157396
  73         0.00050560
  74         0.00042920
  75         0.00000053
  76        -0.00000025
  77         0.00017240
  78         0.00022606
  79         0.00311449
  80        -0.00000000
  81         0.00000008
  82         0.00015597
  83         0.00020454
  84         0.00281722
  85         0.00000012
  86         0.00000006
  87         0.00015811
  88         0.00020736
  89         0.00285650
  90        -0.00000011
  91        -0.00000009
  92         0.00017124
  93         0.00022459
  94         0.00309278
Sym= 10a       
Ene=     0.5864
Spin= Alpha
Occup=    0.01505
   1        -0.00002894
   2        -0.00015656
   3         0.00251173
   4         0.00117347
   5         0.00181767
   6        -0.00029258
   7        -0.00007926
   8        -0.06874334
   9         0.01534248
  10         0.00268436
  11         0.01679166
  12        -0.00328781
  13        -0.00068995
  14         0.00048515
  15        -0.00092943
  16        -0.00025056
  17         0.00377816
  18         0.01050961
  19        -0.00085669
  20        -0.02403738
  21        -0.00124804
  22         0.03610703
  23        -0.05414426
  24         0.00192434
  25        -0.00203293
  26         0.01138115
  27        -0.00071289
  28         0.00090556
  29        -0.00029915
  30         0.00013607
  31         0.00276277
  32         0.00320890
  33        -0.00021535
  34         0.00212412
  35         0.00542483
  36         0.00700379
  37         0.01160036
  38        -0.00123096
  39        -0.00367383
  40         0.00261916
  41         0.00001403
  42        -0.00026165
  43        -0.00028513
  44         0.00002724
  45         0.00225711
  46         0.00185128
  47         0.00022199
  48        -0.00167275
  49        -0.00520261
  50         0.00232944
  51        -0.01347574
  52         0.00084304
  53        -0.00417794
  54        -0.00094430
  55         0.00030019
  56         0.00030323
  57        -0.00014824
  58        -0.00015524
  59        -0.00049821
  60         0.00280704
  61         0.00091895
  62         0.02275276
  63         0.00096331
  64         0.05108636
  65         0.03761987
  66        -0.00556870
  67        -0.00575400
  68        -0.00996101
  69         0.00104240
  70        -0.00081215
  71        -0.00038009
  72        -0.00035271
  73        -0.00016731
  74         0.00424997
  75         0.02306489
  76        -0.00542840
  77        -0.00040508
  78        -0.00092767
  79         0.00008965
  80        -0.01076720
  81         0.00164645
  82         0.00006766
  83        -0.00000374
  84        -0.00000355
  85         0.01108918
  86        -0.00185236
  87         0.00009020
  88         0.00000475
  89        -0.00000549
  90        -0.02322652
  91         0.00553031
  92        -0.00007837
  93         0.00099112
  94        -0.00006784
