[Molden Format]
[N_Atoms]
                   10
[Atoms] (AU)
N1          1      7          -0.04748355      2.66925004      0.10101958
C2          2      6          -2.16336629      1.28147185      0.07441547
C3          3      6          -2.11638547     -1.35945677     -0.02548781
N4          4      7           0.04748355     -2.66924834     -0.10101896
C5          5      6           2.16336557     -1.28147191     -0.07442142
C6          6      6           2.11638642      1.35945565      0.02551230
H7          7      1          -3.96011986      2.30661966      0.13467961
H8          8      1          -3.87551298     -2.44939312     -0.04526412
H9          9      1           3.96011867     -2.30662052     -0.13467471
H10        10      1           3.87551397      2.44939344      0.04524010
[5D]
[GTO] (AU)
   1
   s   9
  9.046000000E+03  7.000000346E-04
  1.357000000E+03  5.389000266E-03
  3.093000000E+02  2.740600135E-02
  8.773000000E+01  1.032070051E-01
  2.856000000E+01  2.787230138E-01
  1.021000000E+01  4.485400222E-01
  3.838000000E+00  2.782380137E-01
  7.466000000E-01  1.544000076E-02
  2.248000000E-01 -2.864000141E-03
   s   9
  9.046000000E+03 -1.529999886E-04
  1.357000000E+03 -1.207999910E-03
  3.093000000E+02 -5.991999553E-03
  8.773000000E+01 -2.454399817E-02
  2.856000000E+01 -6.745899497E-02
  1.021000000E+01 -1.580779882E-01
  3.838000000E+00 -1.218309909E-01
  7.466000000E-01  5.490029590E-01
  2.248000000E-01  5.788149568E-01
   s   1
  2.248000000E-01  1.000000000E+00
   p   4
  1.355000000E+01  3.991901233E-02
  2.917000000E+00  2.171690671E-01
  7.973000000E-01  5.103191576E-01
  2.185000000E-01  4.622141427E-01
   p   1
  2.185000000E-01  1.000000000E+00
   d   1
  8.170000000E-01  1.000000000E+00
 
   2
   s   9
  6.665000000E+03  6.920001793E-04
  1.000000000E+03  5.329001381E-03
  2.280000000E+02  2.707700701E-02
  6.471000000E+01  1.017180264E-01
  2.106000000E+01  2.747400712E-01
  7.495000000E+00  4.485641162E-01
  2.797000000E+00  2.850740738E-01
  5.215000000E-01  1.520400394E-02
  1.596000000E-01 -3.191000827E-03
   s   9
  6.665000000E+03 -1.460000642E-04
  1.000000000E+03 -1.154000508E-03
  2.280000000E+02 -5.725002519E-03
  6.471000000E+01 -2.331201026E-02
  2.106000000E+01 -6.395502813E-02
  7.495000000E+00 -1.499810660E-01
  2.797000000E+00 -1.272620560E-01
  5.215000000E-01  5.445292395E-01
  1.596000000E-01  5.804962554E-01
   s   1
  1.596000000E-01  1.000000000E+00
   p   4
  9.439000000E+00  3.810902127E-02
  2.002000000E+00  2.094801169E-01
  5.456000000E-01  5.085572839E-01
  1.517000000E-01  4.688422617E-01
   p   1
  1.517000000E-01  1.000000000E+00
   d   1
  5.500000000E-01  1.000000000E+00
 
   3
   s   9
  6.665000000E+03  6.920001793E-04
  1.000000000E+03  5.329001381E-03
  2.280000000E+02  2.707700701E-02
  6.471000000E+01  1.017180264E-01
  2.106000000E+01  2.747400712E-01
  7.495000000E+00  4.485641162E-01
  2.797000000E+00  2.850740738E-01
  5.215000000E-01  1.520400394E-02
  1.596000000E-01 -3.191000827E-03
   s   9
  6.665000000E+03 -1.460000642E-04
  1.000000000E+03 -1.154000508E-03
  2.280000000E+02 -5.725002519E-03
  6.471000000E+01 -2.331201026E-02
  2.106000000E+01 -6.395502813E-02
  7.495000000E+00 -1.499810660E-01
  2.797000000E+00 -1.272620560E-01
  5.215000000E-01  5.445292395E-01
  1.596000000E-01  5.804962554E-01
   s   1
  1.596000000E-01  1.000000000E+00
   p   4
  9.439000000E+00  3.810902127E-02
  2.002000000E+00  2.094801169E-01
  5.456000000E-01  5.085572839E-01
  1.517000000E-01  4.688422617E-01
   p   1
  1.517000000E-01  1.000000000E+00
   d   1
  5.500000000E-01  1.000000000E+00
 
   4
   s   9
  9.046000000E+03  7.000000346E-04
  1.357000000E+03  5.389000266E-03
  3.093000000E+02  2.740600135E-02
  8.773000000E+01  1.032070051E-01
  2.856000000E+01  2.787230138E-01
  1.021000000E+01  4.485400222E-01
  3.838000000E+00  2.782380137E-01
  7.466000000E-01  1.544000076E-02
  2.248000000E-01 -2.864000141E-03
   s   9
  9.046000000E+03 -1.529999886E-04
  1.357000000E+03 -1.207999910E-03
  3.093000000E+02 -5.991999553E-03
  8.773000000E+01 -2.454399817E-02
  2.856000000E+01 -6.745899497E-02
  1.021000000E+01 -1.580779882E-01
  3.838000000E+00 -1.218309909E-01
  7.466000000E-01  5.490029590E-01
  2.248000000E-01  5.788149568E-01
   s   1
  2.248000000E-01  1.000000000E+00
   p   4
  1.355000000E+01  3.991901233E-02
  2.917000000E+00  2.171690671E-01
  7.973000000E-01  5.103191576E-01
  2.185000000E-01  4.622141427E-01
   p   1
  2.185000000E-01  1.000000000E+00
   d   1
  8.170000000E-01  1.000000000E+00
 
   5
   s   9
  6.665000000E+03  6.920001793E-04
  1.000000000E+03  5.329001381E-03
  2.280000000E+02  2.707700701E-02
  6.471000000E+01  1.017180264E-01
  2.106000000E+01  2.747400712E-01
  7.495000000E+00  4.485641162E-01
  2.797000000E+00  2.850740738E-01
  5.215000000E-01  1.520400394E-02
  1.596000000E-01 -3.191000827E-03
   s   9
  6.665000000E+03 -1.460000642E-04
  1.000000000E+03 -1.154000508E-03
  2.280000000E+02 -5.725002519E-03
  6.471000000E+01 -2.331201026E-02
  2.106000000E+01 -6.395502813E-02
  7.495000000E+00 -1.499810660E-01
  2.797000000E+00 -1.272620560E-01
  5.215000000E-01  5.445292395E-01
  1.596000000E-01  5.804962554E-01
   s   1
  1.596000000E-01  1.000000000E+00
   p   4
  9.439000000E+00  3.810902127E-02
  2.002000000E+00  2.094801169E-01
  5.456000000E-01  5.085572839E-01
  1.517000000E-01  4.688422617E-01
   p   1
  1.517000000E-01  1.000000000E+00
   d   1
  5.500000000E-01  1.000000000E+00
 
   6
   s   9
  6.665000000E+03  6.920001793E-04
  1.000000000E+03  5.329001381E-03
  2.280000000E+02  2.707700701E-02
  6.471000000E+01  1.017180264E-01
  2.106000000E+01  2.747400712E-01
  7.495000000E+00  4.485641162E-01
  2.797000000E+00  2.850740738E-01
  5.215000000E-01  1.520400394E-02
  1.596000000E-01 -3.191000827E-03
   s   9
  6.665000000E+03 -1.460000642E-04
  1.000000000E+03 -1.154000508E-03
  2.280000000E+02 -5.725002519E-03
  6.471000000E+01 -2.331201026E-02
  2.106000000E+01 -6.395502813E-02
  7.495000000E+00 -1.499810660E-01
  2.797000000E+00 -1.272620560E-01
  5.215000000E-01  5.445292395E-01
  1.596000000E-01  5.804962554E-01
   s   1
  1.596000000E-01  1.000000000E+00
   p   4
  9.439000000E+00  3.810902127E-02
  2.002000000E+00  2.094801169E-01
  5.456000000E-01  5.085572839E-01
  1.517000000E-01  4.688422617E-01
   p   1
  1.517000000E-01  1.000000000E+00
   d   1
  5.500000000E-01  1.000000000E+00
 
   7
   s   4
  1.301000000E+01  1.968498999E-02
  1.962000000E+00  1.379769298E-01
  4.446000000E-01  4.781477569E-01
  1.220000000E-01  5.012397451E-01
   s   1
  1.220000000E-01  1.000000000E+00
   p   1
  7.270000000E-01  1.000000000E+00
 
   8
   s   4
  1.301000000E+01  1.968498999E-02
  1.962000000E+00  1.379769298E-01
  4.446000000E-01  4.781477569E-01
  1.220000000E-01  5.012397451E-01
   s   1
  1.220000000E-01  1.000000000E+00
   p   1
  7.270000000E-01  1.000000000E+00
 
   9
   s   4
  1.301000000E+01  1.968498999E-02
  1.962000000E+00  1.379769298E-01
  4.446000000E-01  4.781477569E-01
  1.220000000E-01  5.012397451E-01
   s   1
  1.220000000E-01  1.000000000E+00
   p   1
  7.270000000E-01  1.000000000E+00
 
  10
   s   4
  1.301000000E+01  1.968498999E-02
  1.962000000E+00  1.379769298E-01
  4.446000000E-01  4.781477569E-01
  1.220000000E-01  5.012397451E-01
   s   1
  1.220000000E-01  1.000000000E+00
   p   1
  7.270000000E-01  1.000000000E+00
 
[MO]
Sym= 1a       
Ene=     0.3428
Spin= Alpha
Occup=    0.87319
   1         0.00120400
   2        -0.20973980
   3        -0.04478239
   4         0.00856716
   5        -0.48158908
   6        -0.01820903
   7         0.00141734
   8        -0.07967195
   9        -0.00301429
  10        -0.01414540
  11        -0.00025631
  12         0.00110691
  13        -0.00483835
  14        -0.00016323
  15         0.00302187
  16         0.02497377
  17        -0.06970137
  18         0.07371555
  19         0.23567948
  20         0.00821733
  21        -0.04778978
  22        -0.06373557
  23        -0.00181203
  24        -0.00220764
  25        -0.00085623
  26        -0.00069984
  27         0.02640277
  28        -0.01311887
  29         0.00302173
  30         0.02496925
  31        -0.06970840
  32         0.08204618
  33        -0.23285906
  34        -0.00952382
  35        -0.05003031
  36         0.06195199
  37         0.00294440
  38        -0.00222751
  39         0.00021147
  40        -0.00098320
  41         0.02539043
  42         0.01498714
  43         0.00120480
  44        -0.20973051
  45        -0.04477585
  46        -0.00856721
  47         0.48158779
  48         0.01821290
  49        -0.00141751
  50         0.07967586
  51         0.00301502
  52        -0.01414563
  53        -0.00025652
  54         0.00110715
  55        -0.00483837
  56        -0.00016319
  57         0.00302175
  58         0.02496964
  59        -0.06970805
  60        -0.07371189
  61        -0.23567940
  62        -0.00821999
  63         0.04779435
  64         0.06373518
  65         0.00181135
  66        -0.00220770
  67        -0.00085638
  68        -0.00070010
  69         0.02640218
  70        -0.01311834
  71         0.00302187
  72         0.02497357
  73        -0.06970158
  74        -0.08205017
  75         0.23285913
  76         0.00952459
  77         0.05002572
  78        -0.06195262
  79        -0.00294323
  80        -0.00222745
  81         0.00021130
  82        -0.00098329
  83         0.02539098
  84         0.01498777
  85         0.14689284
  86        -0.01979023
  87         0.00394858
  88         0.00456351
  89         0.00012937
  90         0.14689485
  91        -0.01979165
  92         0.00410853
  93        -0.00441695
  94        -0.00021069
  95         0.14689479
  96        -0.01979163
  97        -0.00394878
  98        -0.00456337
  99        -0.00012944
 100         0.14689298
 101        -0.01979024
 102        -0.00410834
 103         0.00441710
 104         0.00021077
Sym= 2a       
Ene=     0.3479
Spin= Alpha
Occup=    0.88801
   1         0.00000064
   2        -0.00011878
   3        -0.00002300
   4         0.00000227
   5        -0.00027486
   6        -0.00001027
   7         0.00000098
   8        -0.00004495
   9        -0.00000169
  10        -0.00041064
  11         0.02033753
  12         0.00038003
  13         0.00025703
  14        -0.00076080
  15         0.00000165
  16         0.00001308
  17        -0.00004359
  18        -0.00498532
  19         0.01577268
  20        -0.41592011
  21        -0.00015472
  22         0.00036215
  23        -0.01054784
  24         0.00111854
  25        -0.00389043
  26         0.01592678
  27         0.00056788
  28         0.00033246
  29         0.00000158
  30         0.00000260
  31        -0.00004206
  32        -0.00499100
  33         0.01552337
  34        -0.41592851
  35        -0.00015682
  36         0.00043361
  37        -0.01054521
  38        -0.00097984
  39        -0.00333465
  40        -0.01606239
  41        -0.00063065
  42        -0.00006021
  43         0.00000078
  44        -0.00011763
  45        -0.00002347
  46        -0.00000249
  47         0.00027587
  48         0.00001049
  49        -0.00000093
  50         0.00004510
  51         0.00000173
  52        -0.00041096
  53         0.02033756
  54         0.00038005
  55         0.00025715
  56        -0.00076096
  57         0.00000175
  58         0.00000948
  59        -0.00004185
  60         0.00498614
  61        -0.01577772
  62         0.41591879
  63         0.00015509
  64        -0.00035999
  65         0.01054798
  66         0.00111930
  67        -0.00389048
  68         0.01592669
  69         0.00056802
  70         0.00033263
  71         0.00000141
  72         0.00000827
  73        -0.00004234
  74         0.00499321
  75        -0.01552314
  76         0.41592942
  77         0.00015647
  78        -0.00043164
  79         0.01054521
  80        -0.00098060
  81        -0.00333461
  82        -0.01606234
  83        -0.00063076
  84        -0.00006020
  85         0.00008301
  86        -0.00001139
  87        -0.00010942
  88         0.00034999
  89        -0.00923742
  90         0.00008863
  91        -0.00001268
  92        -0.00010926
  93         0.00034530
  94        -0.00923758
  95         0.00008275
  96        -0.00001275
  97         0.00010926
  98        -0.00035000
  99         0.00923740
 100         0.00008840
 101        -0.00001078
 102         0.00010957
 103        -0.00034515
 104         0.00923760
Sym= 3a       
Ene=     0.3976
Spin= Alpha
Occup=    0.80654
   1         0.00199048
   2         0.23475933
   3        -0.02408328
   4        -0.00869939
   5         0.48903629
   6         0.01851451
   7        -0.00101574
   8         0.05709761
   9         0.00216131
  10         0.01305947
  11         0.00015310
  12        -0.00128129
  13         0.01124433
  14         0.00039523
  15        -0.00072014
  16        -0.15336301
  17         0.00874338
  18        -0.09730200
  19        -0.00719336
  20         0.00090901
  21         0.09962416
  22         0.05921855
  23         0.00102267
  24         0.00029154
  25         0.00058922
  26         0.00072854
  27        -0.02249442
  28         0.00826099
  29         0.00072030
  30         0.15336181
  31        -0.00874791
  32         0.09749021
  33        -0.00364074
  34        -0.00132631
  35        -0.10166911
  36         0.05555073
  37         0.00332101
  38        -0.00030500
  39         0.00009982
  40        -0.00092247
  41         0.02184150
  42         0.00985730
  43        -0.00198932
  44        -0.23474829
  45         0.02408722
  46        -0.00869985
  47         0.48904493
  48         0.01849710
  49        -0.00101588
  50         0.05710007
  51         0.00216169
  52        -0.01305962
  53        -0.00015319
  54         0.00128072
  55        -0.01124463
  56        -0.00039520
  57         0.00072033
  58         0.15336226
  59        -0.00874764
  60        -0.09729828
  61        -0.00719044
  62         0.00089973
  63         0.09962741
  64         0.05921867
  65         0.00102252
  66        -0.00029143
  67        -0.00058841
  68        -0.00072792
  69         0.02249416
  70        -0.00825984
  71        -0.00072014
  72        -0.15336297
  73         0.00874328
  74         0.09749462
  75        -0.00364360
  76        -0.00131661
  77        -0.10166572
  78         0.05555078
  79         0.00332158
  80         0.00030513
  81        -0.00010069
  82         0.00092316
  83        -0.02184171
  84        -0.00985847
  85        -0.02779150
  86         0.02613504
  87        -0.00156929
  88        -0.00292584
  89        -0.00009091
  90         0.02779169
  91        -0.02613718
  92         0.00167251
  93        -0.00286653
  94        -0.00012847
  95         0.02779164
  96        -0.02613716
  97        -0.00156948
  98        -0.00292562
  99        -0.00009107
 100        -0.02779143
 101         0.02613504
 102         0.00167233
 103        -0.00286677
 104        -0.00012815
Sym= 4a       
Ene=     0.4047
Spin= Alpha
Occup=    0.84936
   1        -0.00000002
   2         0.00000406
   3         0.00000155
   4         0.00567325
   5        -0.01761689
   6         0.46826422
   7         0.00003956
   8        -0.00011843
   9         0.00316656
  10        -0.00125451
  11         0.00033169
  12        -0.01911226
  13        -0.00071600
  14        -0.00024487
  15         0.00000006
  16         0.00000546
  17         0.00000547
  18         0.00271398
  19        -0.00846010
  20         0.22471898
  21         0.00010958
  22        -0.00034164
  23         0.00905180
  24         0.00068448
  25         0.02021818
  26         0.01698230
  27         0.00088420
  28        -0.00055476
  29        -0.00000003
  30        -0.00001231
  31        -0.00000232
  32        -0.00272473
  33         0.00846167
  34        -0.22471768
  35        -0.00010587
  36         0.00033626
  37        -0.00905272
  38         0.00149561
  39        -0.02079424
  40         0.01621741
  41         0.00035784
  42         0.00097857
  43         0.00000006
  44         0.00001508
  45         0.00000132
  46        -0.00567883
  47         0.01759886
  48        -0.46825924
  49        -0.00003807
  50         0.00011636
  51        -0.00316637
  52        -0.00125418
  53         0.00033169
  54        -0.01911205
  55        -0.00071564
  56        -0.00024496
  57        -0.00000020
  58        -0.00000068
  59         0.00000563
  60        -0.00271137
  61         0.00846234
  62        -0.22471813
  63        -0.00011331
  64         0.00033848
  65        -0.00905255
  66         0.00068418
  67         0.02021805
  68         0.01698239
  69         0.00088362
  70        -0.00055477
  71        -0.00000028
  72        -0.00000321
  73        -0.00000121
  74         0.00272014
  75        -0.00846134
  76         0.22471882
  77         0.00010971
  78        -0.00033844
  79         0.00905195
  80         0.00149501
  81        -0.02079439
  82         0.01621736
  83         0.00035896
  84         0.00097913
  85        -0.00000225
  86        -0.00000022
  87         0.00005732
  88        -0.00017848
  89         0.00474617
  90        -0.00000504
  91         0.00000001
  92        -0.00005745
  93         0.00017906
  94        -0.00474614
  95        -0.00000252
  96         0.00000242
  97        -0.00005713
  98         0.00017850
  99        -0.00474617
 100        -0.00000339
 101         0.00000096
 102         0.00005756
 103        -0.00017868
 104         0.00474616
Sym= 5a       
Ene=     0.4831
Spin= Alpha
Occup=    0.58729
   1         0.00000005
   2        -0.00000261
   3        -0.00000163
   4        -0.00329397
   5         0.01022785
   6        -0.27193864
   7         0.00017003
   8        -0.00052970
   9         0.01408948
  10         0.00098344
  11        -0.00026000
  12         0.01498139
  13         0.00056095
  14         0.00019192
  15        -0.00000018
  16         0.00000102
  17         0.00000242
  18        -0.00297819
  19         0.00927173
  20        -0.24659810
  21         0.00028971
  22        -0.00090163
  23         0.02393393
  24         0.00057158
  25        -0.01345540
  26         0.00444154
  27         0.00000454
  28         0.00056047
  29         0.00000016
  30        -0.00000637
  31        -0.00000366
  32        -0.00298455
  33         0.00928310
  34        -0.24659943
  35         0.00028855
  36        -0.00090309
  37         0.02393340
  38        -0.00004267
  39        -0.01329263
  40        -0.00494035
  41        -0.00034732
  42         0.00044055
  43        -0.00000004
  44         0.00000268
  45         0.00000169
  46        -0.00329704
  47         0.01022975
  48        -0.27193766
  49         0.00017011
  50        -0.00052971
  51         0.01408931
  52        -0.00098363
  53         0.00025999
  54        -0.01498143
  55        -0.00056105
  56        -0.00019227
  57        -0.00000005
  58         0.00000075
  59        -0.00000062
  60        -0.00297805
  61         0.00927417
  62        -0.24659988
  63         0.00028846
  64        -0.00090121
  65         0.02393348
  66        -0.00057223
  67         0.01345548
  68        -0.00444138
  69        -0.00000440
  70        -0.00056074
  71         0.00000008
  72         0.00000222
  73         0.00000142
  74        -0.00298628
  75         0.00928263
  76        -0.24659748
  77         0.00029010
  78        -0.00090229
  79         0.02393390
  80         0.00004342
  81         0.01329254
  82         0.00494040
  83         0.00034729
  84        -0.00044061
  85        -0.00000211
  86         0.00000061
  87        -0.00006206
  88         0.00019311
  89        -0.00513344
  90        -0.00000210
  91        -0.00000107
  92        -0.00006206
  93         0.00019341
  94        -0.00513346
  95         0.00000383
  96         0.00000050
  97        -0.00006199
  98         0.00019306
  99        -0.00513347
 100         0.00000026
 101        -0.00000026
 102        -0.00006220
 103         0.00019328
 104        -0.00513343
Sym= 6a       
Ene=     0.5015
Spin= Alpha
Occup=    0.00480
   1        -0.00000010
   2        -0.00000347
   3         0.00000068
   4         0.00034534
   5        -0.00107977
   6         0.02850967
   7        -0.00002159
   8         0.00006687
   9        -0.00178729
  10        -0.00008654
  11         0.00002283
  12        -0.00131574
  13        -0.00004937
  14        -0.00001686
  15         0.00000002
  16         0.00000189
  17        -0.00000041
  18         0.00024824
  19        -0.00076866
  20         0.02044911
  21        -0.00002666
  22         0.00007822
  23        -0.00209659
  24        -0.00004356
  25         0.00125547
  26        -0.00026416
  27         0.00000555
  28        -0.00005058
  29        -0.00000002
  30        -0.00000151
  31         0.00000038
  32         0.00024618
  33        -0.00076977
  34         0.02044852
  35        -0.00002407
  36         0.00007845
  37        -0.00209663
  38        -0.00000594
  39         0.00124548
  40         0.00031083
  41         0.00002653
  42        -0.00004325
  43         0.00000010
  44         0.00000325
  45        -0.00000071
  46         0.00034564
  47        -0.00107951
  48         0.02850999
  49        -0.00002159
  50         0.00006693
  51        -0.00178749
  52         0.00008654
  53        -0.00002283
  54         0.00131565
  55         0.00004937
  56         0.00001689
  57         0.00000000
  58        -0.00000204
  59         0.00000019
  60         0.00024813
  61        -0.00076903
  62         0.02044848
  63        -0.00002650
  64         0.00007825
  65        -0.00209661
  66         0.00004361
  67        -0.00125545
  68         0.00026417
  69        -0.00000553
  70         0.00005059
  71         0.00000000
  72         0.00000190
  73        -0.00000024
  74         0.00024628
  75        -0.00076952
  76         0.02044913
  77        -0.00002416
  78         0.00007833
  79        -0.00209661
  80         0.00000588
  81        -0.00124550
  82        -0.00031081
  83        -0.00002651
  84         0.00004326
  85         0.00000064
  86        -0.00000039
  87         0.00000528
  88        -0.00001633
  89         0.00043511
  90        -0.00000009
  91         0.00000039
  92         0.00000524
  93        -0.00001636
  94         0.00043511
  95        -0.00000065
  96         0.00000030
  97         0.00000527
  98        -0.00001633
  99         0.00043511
 100         0.00000039
 101        -0.00000031
 102         0.00000525
 103        -0.00001634
 104         0.00043511
Sym= 7a       
Ene=     0.5070
Spin= Alpha
Occup=    0.00287
   1        -0.00052832
   2        -0.01615894
   3         0.00269605
   4         0.00056131
   5        -0.03155498
   6        -0.00119568
   7         0.00001221
   8        -0.00068594
   9        -0.00002606
  10        -0.00067027
  11        -0.00000976
  12         0.00005822
  13        -0.00037362
  14        -0.00001296
  15         0.00000528
  16         0.00861396
  17        -0.00046843
  18         0.00552817
  19         0.00065946
  20        -0.00005270
  21        -0.00510621
  22        -0.00310046
  23        -0.00005459
  24        -0.00002994
  25        -0.00003279
  26        -0.00004013
  27         0.00125895
  28        -0.00044198
  29        -0.00000529
  30        -0.00861398
  31         0.00046857
  32        -0.00554800
  33         0.00045687
  34         0.00008544
  35         0.00521329
  36        -0.00291242
  37        -0.00017226
  38         0.00003065
  39        -0.00000457
  40         0.00005025
  41        -0.00122388
  42        -0.00053143
  43         0.00052847
  44         0.01615922
  45        -0.00269719
  46         0.00056127
  47        -0.03155441
  48        -0.00119620
  49         0.00001222
  50        -0.00068589
  51        -0.00002605
  52         0.00067027
  53         0.00000982
  54        -0.00005823
  55         0.00037358
  56         0.00001296
  57        -0.00000529
  58        -0.00861399
  59         0.00046856
  60         0.00552806
  61         0.00065910
  62        -0.00005179
  63        -0.00510631
  64        -0.00310045
  65        -0.00005457
  66         0.00002994
  67         0.00003280
  68         0.00004018
  69        -0.00125892
  70         0.00044194
  71         0.00000528
  72         0.00861396
  73        -0.00046843
  74        -0.00554812
  75         0.00045715
  76         0.00008657
  77         0.00521318
  78        -0.00291243
  79        -0.00017224
  80        -0.00003066
  81         0.00000455
  82        -0.00005028
  83         0.00122390
  84         0.00053148
  85         0.00154111
  86        -0.00134351
  87         0.00009027
  88         0.00016310
  89         0.00000488
  90        -0.00154089
  91         0.00134355
  92        -0.00009601
  93         0.00015969
  94         0.00000715
  95        -0.00154089
  96         0.00134355
  97         0.00009027
  98         0.00016309
  99         0.00000489
 100         0.00154111
 101        -0.00134351
 102        -0.00009601
 103         0.00015970
 104         0.00000717
